0 -78.5899162292 0 1147.73702621 0 14.3682956696
0 -85.9341621399 0 5094.08569336 0 14.4493579865
0 -104.923009872 0 5093.20211411 0 14.0237808228
0 -78.281879425 0 -1006.12926483 0 13.3469104767
0 -96.5087413788 0 5124.24087524 0 14.0237808228
0 -104.294776917 0 5137.02440262 0 14.5831108093
0 -96.1358547211 0 5115.50235748 0 15.0938034058
0 -78.5250663757 0 5159.3003273 0 15.1789188385
0 -98.0205535889 0 5069.43464279 0 15.9449577332
0 -77.8441429138 0 5121.55771255 0 15.5882835388
0 -105.567455292 0 5081.94255829 0 15.1627063751
0 -106.913089752 0 5051.4793396 0 14.2142772675
0 -78.4561634064 0 -924.086093903 0 13.8211250305
0 -108.664035797 0 5098.73867035 0 13.156414032
0 -122.554063797 0 5102.00548172 0 12.7186775208
0 -156.790733337 0 -651.878833771 0 12.2201442719
0 -148.870944977 0 4991.53375626 0 11.3244056702
0 -153.783321381 0 -659.223079681 0 11.0325813293
0 -139.877080917 0 -664.702892303 0 10.1003646851
0 -142.900705338 0 5083.10174942 0 9.55724716187
0 -118.849515915 0 3759.99450684 0 7.76982307434
0 -176.055192947 0 -684.011936188 0 7.27534294128
0 -110.414981842 0 -686.66267395 0 7.7211856842
0 -110.820293427 0 -684.798240662 0 7.73739814758
0 -2.76827812195 0 -698.424816132 0 7.74955749512
0 -168.710947037 0 -684.514522552 0 7.75361061096
